52
5
0
30
1
141
45
1
223
6
1
203
41
1
229
21
1
201
35
0.0
1.0
2.3426346393955195
1.0
3.7406493392793605
0.9471985301662219
12.678690497522162
0.9471985301662219
21.358334499570372
1.0
205.11735625511926
0.0
220.66521558906248
1.0
391.7312517929805
0.0
405.23674288050665
1.0
491.7028716725415
0.0
498.13329711608094
1.0
617.1078423400182
0.0
833.4625057558585
1.0
862.4776911786553
0.0
10.0
28259.690480579975
00
00
00
00
00
00
00
00
00
00
00
00
00
00
00
00
00
00
5
0
26
1
145
36
1
219
23
1
224
22
1
223
0
1
221
19
0.0
1.0
4.603497297499391
1.0
18.41832775263622
0.31355352311634804
23.189505393649586
0.31355352311634804
31.076362059517376
1.0
42.27960279326058
0.0
51.90008401345296
1.0
138.06897565505986
0.0
146.08206162742317
1.0
314.57222262323387
0.0
334.5160347841384
1.0
470.6220029203429
0.0
674.6417416229067
1.0
680.598129683591
0.0
10.0
35719.65124830559
00
00
00
00
00
00
00
00
00
00
00
00
00
00
00
00
00
00
5
0
3
1
107
36
1
233
9
1
208
46
1
239
8
1
215
13
0.0
1.0
55.53751700180839
1.0
59.09946625251093
0.7414978717066288
70.31969481835854
0.7414978717066288
76.70533407710512
1.0
188.42376115875422
0.0
191.36416245922157
1.0
310.1478955732727
0.0
317.2241925347931
1.0
488.19010815146714
0.0
498.94229493172827
1.0
632.3338578910407
0.0
838.5520607282558
1.0
878.5945450673152
0.0
10.0
25974.850960611413
00
00
00
00
00
00
00
00
00
00
00
00
00
00
00
00
00
00
5
0
4
1
131
23
1
202
49
1
236
41
1
224
46
1
210
22
0.0
1.0
4.079032431512361
1.0
15.36668736460285
0.7842587272688883
24.48734948272015
0.7842587272688883
38.90920462585265
1.0
137.9480239671808
0.0
154.74315703627155
1.0
341.60932964748133
0.0
354.89238395096964
1.0
422.13132453108415
0.0
433.03639923993023
1.0
456.9762203569082
0.0
673.9490693918473
1.0
682.5835097960334
0.0
10.0
40095.92933773521
00
00
00
00
00
00
00
00
00
00
00
00
00
00
00
00
00
00
5
0
25
1
139
28
1
210
28
1
239
44
1
201
19
1
214
42
0.0
1.0
39.03750924550784
1.0
55.73866638667389
0.2198419727704648
66.07412850804798
0.2198419727704648
82.63061970424485
1.0
163.71991005729672
0.0
168.50180110529138
1.0
214.21198306206574
0.0
216.07206700780893
1.0
281.5881236444436
0.0
301.2209057781162
1.0
476.191468852246
0.0
706.5527612430099
1.0
730.5630114703173
0.0
10.0
47653.27142443124
00
00
00
00
00
00
00
00
00
00
00
00
00
00
00
00
00
00
5
1
18
1
124
11
1
231
43
1
224
24
1
219
48
1
212
29
0.0
1.0
13.779721580577217
1.0
22.48885666049346
0.3267176177934402
35.35541124466278
0.3267176177934402
47.630915943445544
1.0
105.63292455540054
0.0
118.53658506255556
1.0
293.50517591740993
0.0
309.69389683331383
1.0
453.95876371884106
0.0
471.01448842051343
1.0
481.8636308250973
0.0
721.4420529600602
1.0
723.5539313993771
0.0
10.0
41144.35521828748
00
00
00
00
00
00
00
00
00
00
00
00
00
00
00
00
00
00
5
0
8
1
102
18
1
228
34
1
214
4
1
217
8
1
226
16
0.0
1.0
10.921712022229949
1.0
13.676266506379282
0.6408580260410834
15.468693274699612
0.6408580260410834
33.393339204318856
1.0
152.0514378458647
0.0
158.93013912253983
1.0
296.85180340292277
0.0
302.8494606762164
1.0
317.65140034029207
0.0
330.47736514712585
1.0
362.1266022781226
0.0
572.7417551324265
1.0
614.9166282821243
0.0
10.0
45706.76852498501
00
00
00
00
00
00
00
00
00
00
00
00
00
00
00
00
00
00
5
0
23
1
119
7
1
219
46
1
235
6
1
217
15
1
226
44
0.0
1.0
31.663902372268787
1.0
44.897670322813084
0.7322322345685289
54.56414058854465
0.7322322345685289
65.6569718980245
1.0
194.65406683890043
0.0
203.55465739116724
1.0
385.52660157692736
0.0
396.10365686311
1.0
444.2504038186944
0.0
456.51350783732363
1.0
553.0180769791684
0.0
760.8705715408792
1.0
792.4062492698102
0.0
10.0
13446.52901076938
00
00
00
00
00
00
00
00
00
00
00
00
00
00
00
00
00
00
5
1
21
1
120
41
1
238
32
1
203
35
1
212
17
1
236
36
0.0
1.0
13.041713893280038
1.0
23.81883440932289
0.47315918955636804
30.205865219095283
0.47315918955636804
48.70299856753149
1.0
50.527374281392916
0.0
66.67976424233348
1.0
128.05657775331377
0.0
133.33591311100798
1.0
326.3887996793966
0.0
333.31657704879893
1.0
517.7964996671217
0.0
743.7099974788458
1.0
744.9627064340524
0.0
10.0
16658.93298253107
00
00
00
00
00
00
00
00
00
00
00
00
00
00
00
00
00
00
5
0
19
1
128
25
1
204
45
1
218
23
1
227
4
1
213
45
0.0
1.0
2.037127613945432
1.0
15.572355602951792
0.5036065201487024
26.30801651075727
0.5036065201487024
37.17292883096237
1.0
170.7315695545991
0.0
189.19950392329383
1.0
201.77137180104256
0.0
205.2248288915979
1.0
251.44231718093766
0.0
254.69069240247217
1.0
270.74717435142827
0.0
504.8689755246091
1.0
543.6346900122782
0.0
10.0
48145.23927833747
00
00
00
00
00
00
00
00
00
00
00
00
00
00
00
00
00
00
5
1
22
1
122
41
1
222
10
1
207
45
1
231
27
1
239
42
0.0
1.0
24.091413535444346
1.0
42.99811880140717
0.4279012924730532
61.342783647802605
0.4279012924730532
72.97193730174266
1.0
88.4472392474289
0.0
94.14678756022964
1.0
199.5192482398246
0.0
200.70187624953897
1.0
217.45707545338033
0.0
223.16513892296007
1.0
280.9998281753595
0.0
494.1566807163166
1.0
498.1920924739586
0.0
10.0
36993.98330287135
00
00
00
00
00
00
00
00
00
00
00
00
00
00
00
00
00
00
5
1
6
1
111
18
1
208
19
1
234
18
1
229
25
1
227
5
0.0
1.0
35.20247756105502
1.0
50.811662342369104
0.7071038584707978
67.54931592267037
0.7071038584707978
83.08030981922846
1.0
259.30417916976353
0.0
273.99541002660914
1.0
330.17985413195913
0.0
334.3790234782016
1.0
357.41697316132843
0.0
362.6992702207359
1.0
469.45052489502507
0.0
671.1237958030026
1.0
714.7308315064338
0.0
10.0
49617.15325792797
00
00
00
00
00
00
00
00
00
00
00
00
00
00
00
00
00
00
5
0
14
1
131
44
1
226
17
1
235
31
1
219
6
1
210
38
0.0
1.0
45.712030351117136
1.0
58.66028712127666
0.9989115174260599
63.77415939972225
0.9989115174260599
68.02554087660042
1.0
143.06426115435988
0.0
152.242358531798
1.0
219.03510723775955
0.0
231.77845705199888
1.0
428.3102544944294
0.0
446.14319569541044
1.0
588.9788760116543
0.0
807.1244425748857
1.0
821.1129735350178
0.0
10.0
33181.79837454496
00
00
00
00
00
00
00
00
00
00
00
00
00
00
00
00
00
00
5
1
13
1
119
35
1
230
4
1
230
12
1
236
13
1
209
25
0.0
1.0
20.266650665319894
1.0
32.687286292216974
0.9562336311655866
47.35991915005621
0.9562336311655866
66.89845919065507
1.0
216.04659638527488
0.0
231.78887802277563
1.0
270.12739783807467
0.0
289.8102512400578
1.0
430.796945645943
0.0
440.1987626721396
1.0
458.88297067779695
0.0
669.6650782702959
1.0
697.2316071146573
0.0
10.0
39263.43709799398
00
00
00
00
00
00
00
00
00
00
00
00
00
00
00
00
00
00
5
1
18
1
127
2
1
202
19
1
206
10
1
235
39
1
207
37
0.0
1.0
27.977405628516433
1.0
36.060380787229256
0.625506660414406
55.064140988836954
0.625506660414406
58.6119959953329
1.0
166.57642853086548
0.0
177.5539587133508
1.0
243.33743344567245
0.0
251.89310121517613
1.0
344.9693556059456
0.0
346.0417212226658
1.0
485.78607349550896
0.0
720.7949577025357
1.0
753.9050487127187
0.0
10.0
7177.3368699798775
00
00
00
00
00
00
00
00
00
00
00
00
00
00
00
00
00
00
5
1
11
1
106
38
1
237
21
1
226
39
1
209
43
1
222
28
0.0
1.0
56.89928758873926
1.0
74.59969728754302
0.49154336584454056
90.5031775364263
0.49154336584454056
107.94526629421797
1.0
274.06350570038165
0.0
286.5668688296373
1.0
360.29853697719454
0.0
365.9533118087493
1.0
369.3643889789668
0.0
372.41682743833985
1.0
518.9510467983625
0.0
743.9131177025935
1.0
764.551317667854
0.0
10.0
8169.25892659034
00
00
00
00
00
00
00
00
00
00
00
00
00
00
00
00
00
00
5
1
2
1
101
16
1
212
14
1
228
37
1
205
32
1
220
18
0.0
1.0
22.777997842410798
1.0
41.40408675651951
0.9295895695456563
49.49578881157143
0.9295895695456563
68.30249087853765
1.0
183.06032670341358
0.0
195.23852010301715
1.0
319.5198965177438
0.0
335.1241761195523
1.0
485.6905007077943
0.0
494.5311333119604
1.0
554.9798457318916
0.0
764.9278666123912
1.0
805.5680528220669
0.0
10.0
44099.606211124636
00
00
00
00
00
00
00
00
00
00
00
00
00
00
00
00
00
00
5
1
4
1
108
7
1
231
42
1
212
38
1
204
18
1
224
8
0.0
1.0
30.92438708210771
1.0
37.914241104173286
0.8671429683089146
40.721131523717304
0.8671429683089146
54.23426033143925
1.0
226.45207125074626
0.0
229.17561221976612
1.0
308.28563536792745
0.0
310.5317357896341
1.0
412.39139160541436
0.0
414.2781827921233
1.0
451.7188352543384
0.0
675.6839495363466
1.0
702.002258509762
0.0
10.0
21898.738444912007
00
00
00
00
00
00
00
00
00
00
00
00
00
00
00
00
00
00
5
0
22
1
135
1
1
221
35
1
229
5
1
234
23
1
204
2
0.0
1.0
21.367699732116954
1.0
40.744113770446496
0.3978224731374194
59.43280800006711
0.3978224731374194
66.31123319474229
1.0
209.40027490694695
0.0
213.67331502896224
1.0
220.23367672242992
0.0
225.00634656598825
1.0
375.07327198652797
0.0
388.8184201642943
1.0
584.7233410072193
0.0
821.149483211331
1.0
837.2628515743504
0.0
10.0
38121.16764989857
00
00
00
00
00
00
00
00
00
00
00
00
00
00
00
00
00
00
5
0
7
1
110
31
1
234
0
1
209
12
1
223
45
1
233
11
0.0
1.0
7.9097997047091395
1.0
25.260394653993806
0.43666486560698
26.777410385413592
0.43666486560698
36.23502095388431
1.0
172.26383895055
0.0
190.85596611893007
1.0
201.583607942987
0.0
216.40107417645834
1.0
376.45419528206025
0.0
380.0375165753432
1.0
460.85781332966457
0.0
670.0418078301017
1.0
677.2172371879059
0.0
10.0
9240.49383726299
00
00
00
00
00
00
00
00
00
00
00
00
00
00
00
00
00
00
5
1
27
1
144
9
1
234
12
1
226
3
1
228
5
1
213
13
0.0
1.0
48.07628594429195
1.0
49.84645895255839
0.8788428213832467
61.8093820922835
0.8788428213832467
72.30311728789854
1.0
265.4287814045849
0.0
279.21046546713677
1.0
430.0885799770164
0.0
433.2150885504775
1.0
469.6313332026311
0.0
471.2670857414012
1.0
650.3539864117174
0.0
882.980564299982
1.0
900.5597479767989
0.0
10.0
20222.021735250626
00
00
00
00
00
00
00
00
00
00
00
00
00
00
00
00
00
00
5
1
21
1
133
0
1
209
31
1
227
47
1
232
15
1
228
38
0.0
1.0
43.02407396882441
1.0
59.20893135879997
0.5954183105821127
77.22887592666521
0.5954183105821127
93.30523175769747
1.0
244.8630168657683
0.0
247.1744894644063
1.0
415.79350827314585
0.0
418.4858375312348
1.0
534.2649238151848
0.0
553.044220111095
1.0
745.1229759083676
0.0
965.6598699824824
1.0
970.8325559116267
0.0
10.0
31518.326239326754
00
00
00
00
00
00
00
00
00
00
00
00
00
00
00
00
00
00
5
0
28
1
102
49
1
203
34
1
208
2
1
206
10
1
231
27
0.0
1.0
39.900414002214816
1.0
43.170448819964335
0.60833031939129
50.98823580919498
0.60833031939129
65.81259451746489
1.0
170.09547924654692
0.0
182.03420748049132
1.0
284.3121872643465
0.0
290.61800799915494
1.0
467.651623898856
0.0
470.16374148117717
1.0
572.9810209580182
0.0
777.7856633066899
1.0
787.4876543061511
0.0
10.0
26551.535314198012
00
00
00
00
00
00
00
00
00
00
00
00
00
00
00
00
00
00
5
0
11
1
136
13
1
217
29
1
201
0
1
237
31
1
238
6
0.0
1.0
33.457867688041574
1.0
45.456622859610235
0.27750441630284717
48.84349716588594
0.27750441630284717
52.47532145311391
1.0
104.66210855804812
0.0
111.41208570329091
1.0
254.67607607503385
0.0
267.0707528630161
1.0
340.11596890217237
0.0
357.5252675599784
1.0
508.38000726281973
0.0
744.5660530856794
1.0
759.3062484238636
0.0
10.0
1301.8459319522833
00
00
00
00
00
00
00
00
00
00
00
00
00
00
00
00
00
00
5
1
5
1
115
30
1
236
24
1
238
43
1
214
7
1
216
3
0.0
1.0
7.053010213963474
1.0
17.271447768395273
0.658720062109118
21.121865803229174
0.658720062109118
29.515355185361056
1.0
113.2421856609292
0.0
123.86949240545833
1.0
271.59006412493824
0.0
290.6552889651833
1.0
421.10047303654187
0.0
429.62850271307155
1.0
527.532621252103
0.0
749.5897122482099
1.0
794.6757167067144
0.0
10.0
23377.40957105253
00
00
00
00
00
00
00
00
00
00
00
00
00
00
00
00
00
00
5
0
29
1
112
21
1
207
41
1
217
19
1
201
35
1
208
1
0.0
1.0
9.751493896238602
1.0
27.755147065744964
0.9797861234547924
39.15689520586659
0.9797861234547924
48.451333767463716
1.0
236.26853880310563
0.0
252.64924797829522
1.0
349.221773479527
0.0
358.870329882816
1.0
450.98529612260086
0.0
462.48105265584724
1.0
511.5195256364249
0.0
719.0464911935843
1.0
740.7250757666636
0.0
10.0
30467.309732184476
00
00
00
00
00
00
00
00
00
00
00
00
00
00
00
00
00
00
5
0
13
1
138
15
1
233
41
1
216
28
1
215
1
1
237
26
0.0
1.0
44.57326743940312
1.0
61.42448691816364
0.5800128791726584
63.77042741504127
0.5800128791726584
68.09400750863746
1.0
157.2194230249225
0.0
167.57402736248451
1.0
257.454805320683
0.0
266.69565864077344
1.0
378.39134658368795
0.0
385.6705581739079
1.0
516.1509352510639
0.0
742.9245186397076
1.0
767.8532410986422
0.0
10.0
32993.63949432397
00
00
00
00
00
00
00
00
00
00
00
00
00
00
00
00
00
00
5
0
8
1
133
46
1
223
37
1
211
30
1
213
11
1
201
33
0.0
1.0
47.4978234563495
1.0
50.58917578711433
0.2560865800427331
54.78432912166136
0.2560865800427331
68.69786379929342
1.0
129.20536189871632
0.0
131.04750198788577
1.0
228.08623416860578
0.0
235.63507734539013
1.0
313.0685841331252
0.0
329.3306402014718
1.0
391.92137743923297
0.0
619.7035413975182
1.0
628.5543818794148
0.0
10.0
18740.089557304484
00
00
00
00
00
00
00
00
00
00
00
00
00
00
00
00
00
00
5
0
3
1
135
22
1
213
23
1
231
35
1
216
27
1
230
20
0.0
1.0
37.4651936029797
1.0
38.78232618336897
0.7099366498324997
50.47560188886435
0.7099366498324997
60.41967185553604
1.0
88.56171706427489
0.0
106.1690576799723
1.0
134.09938112539695
0.0
149.82439365442607
1.0
313.69712774958
0.0
326.1483351200884
1.0
332.85103335895934
0.0
539.6271034590667
1.0
551.8841063421933
0.0
10.0
34582.666200423955
00
00
00
00
00
00
00
00
00
00
00
00
00
00
00
00
00
00
5
1
16
1
125
42
1
211
14
1
222
11
1
226
26
1
229
32
0.0
1.0
16.670569618827226
1.0
20.76768743047074
0.8545126720468077
29.101449237084488
0.8545126720468077
48.78578768968005
1.0
227.77404743441667
0.0
229.1488872247853
1.0
280.7961599908428
0.0
289.7814664144064
1.0
296.5460652135113
0.0
310.4568362690018
1.0
336.8902277138039
0.0
568.8797594135424
1.0
599.3255370900517
0.0
10.0
13213.2341732082
00
00
00
00
00
00
00
00
00
00
00
00
00
00
00
00
00
00
5
0
15
1
104
47
1
212
44
1
237
49
1
210
23
1
203
1
0.0
1.0
12.036160271941773
1.0
23.644763126909602
0.5306025745599489
38.75098338427107
0.5306025745599489
41.805371662498565
1.0
79.06884702048765
0.0
84.96588559450086
1.0
275.84822877726424
0.0
295.26958251402897
1.0
450.7103186892589
0.0
454.67834185619506
1.0
641.0786765351191
0.0
859.5392036522123
1.0
894.2792863866543
0.0
10.0
3603.349778004039
00
00
00
00
00
00
00
00
00
00
00
00
00
00
00
00
00
00
5
1
10
1
117
19
1
216
26
1
201
14
1
220
17
1
208
30
0.0
1.0
36.61455273942316
1.0
38.897202909691636
0.5523696504827211
43.21419746790312
0.5523696504827211
59.16523735536489
1.0
77.54007077911353
0.0
83.71184343168238
1.0
131.9346312222173
0.0
142.15023460496104
1.0
197.91184905856932
0.0
208.2804421749472
1.0
210.08432918119763
0.0
429.2304740726877
1.0
449.09884161485314
0.0
10.0
17889.807824943826
00
00
00
00
00
00
00
00
00
00
00
00
00
00
00
00
00
00
5
1
20
1
140
39
1
229
5
1
239
48
1
209
20
1
203
5
0.0
1.0
52.2529704270545
1.0
66.86488432640114
0.5581099795349542
76.87013492490794
0.5581099795349542
81.93532014063679
1.0
124.89846466249239
0.0
136.2869901598422
1.0
179.2260686185512
0.0
193.31548748027836
1.0
228.0823223478728
0.0
246.50905040073073
1.0
298.32308267299203
0.0
512.8951267288601
1.0
558.5833162655651
0.0
10.0
5928.2682819248
00
00
00
00
00
00
00
00
00
00
00
00
00
00
00
00
00
00
5
1
1
1
106
38
1
208
48
1
205
7
1
221
47
1
236
18
0.0
1.0
42.15325957616981
1.0
50.07986251263223
0.4143948047203906
66.7229837039651
0.4143948047203906
69.49919028231339
1.0
266.710266779584
0.0
270.39784584525523
1.0
425.1313632591325
0.0
437.1748498541526
1.0
479.68561583179127
0.0
484.21846075226375
1.0
611.1457107819479
0.0
839.5150153694934
1.0
888.8953342048973
0.0
10.0
44519.261638936834
00
00
00
00
00
00
00
00
00
00
00
00
00
00
00
00
00
00
5
0
9
1
124
5
1
226
25
1
219
7
1
202
3
1
233
49
0.0
1.0
24.87436487461214
1.0
39.988448051724056
0.8993551226121475
54.101181858492595
0.8993551226121475
62.0873367450845
1.0
201.71752771129604
0.0
221.0760861079186
1.0
362.35328864417556
0.0
380.7752851655017
1.0
499.8523771832527
0.0
504.5431729761852
1.0
674.2390824695906
0.0
899.4433009581662
1.0
910.1621469769997
0.0
10.0
5396.503013924981
00
00
00
00
00
00
00
00
00
00
00
00
00
00
00
00
00
00
5
0
29
1
126
11
1
215
32
1
221
17
1
236
29
1
228
14
0.0
1.0
14.974121737729035
1.0
19.377103579273818
0.5199195275267385
32.80840055630473
0.5199195275267385
37.607016669923766
1.0
45.617327007084924
0.0
58.97741530886134
1.0
170.18465310403946
0.0
174.6631826360535
1.0
366.554175279356
0.0
372.5876165787552
1.0
538.8973682891783
0.0
776.0927041440275
1.0
812.0912383072886
0.0
10.0
43026.32941662149
00
00
00
00
00
00
00
00
00
00
00
00
00
00
00
00
00
00
5
1
19
1
114
14
1
239
11
1
225
25
1
211
30
1
206
9
0.0
1.0
51.03787160557406
1.0
59.60837505095973
0.9168574468929703
66.97927057540635
0.9168574468929703
72.50342568852736
1.0
142.93680693075572
0.0
151.3946252307559
1.0
313.7722154682572
0.0
332.47882044510743
1.0
459.3224277621287
0.0
468.7485916963983
1.0
557.5247001273277
0.0
786.3459095350694
1.0
809.0464104215087
0.0
10.0
20866.896335686106
00
00
00
00
00
00
00
00
00
00
00
00
00
00
00
00
00
00
5
1
23
1
143
21
1
204
2
1
223
9
1
203
34
1
204
48
0.0
1.0
53.3105605458005
1.0
58.7544399077391
0.2984957419235613
65.40819785803683
0.2984957419235613
71.26246198631328
1.0
138.81502596260106
0.0
155.99136273881916
1.0
350.4419099123591
0.0
361.33214808111916
1.0
445.9779055951291
0.0
459.05432250680207
1.0
657.9549933119204
0.0
861.3564010078667
1.0
908.407861556705
0.0
10.0
14317.992111754842
00
00
00
00
00
00
00
00
00
00
00
00
00
00
00
00
00
00
5
1
11
1
132
3
1
218
7
1
229
1
1
230
35
1
238
11
0.0
1.0
41.370109018409366
1.0
61.33635372425752
0.6867324703509855
66.79914799338422
0.6867324703509855
86.03333433843873
1.0
211.24144226582862
0.0
215.61412070773795
1.0
250.08564553443577
0.0
256.60095799778276
1.0
266.633358378851
0.0
274.45043290424877
1.0
315.6150822154779
0.0
554.8106805121558
1.0
597.2753794291046
0.0
10.0
24680.715824051917
00
00
00
00
00
00
00
00
00
00
00
00
00
00
00
00
00
00
5
0
25
1
141
43
1
214
16
1
210
42
1
232
41
1
222
46
0.0
1.0
18.715166867924367
1.0
24.711730706157855
0.3569145558586779
41.91509099934127
0.3569145558586779
44.320134711316676
1.0
137.65450899229748
0.0
147.74611590543543
1.0
232.55923482221564
0.0
242.66196215921693
1.0
322.6466574279457
0.0
334.30987010786566
1.0
381.16729603066113
0.0
584.3098126991979
1.0
609.3232665935848
0.0
10.0
12090.94122829439
00
00
00
00
00
00
00
00
00
00
00
00
00
00
00
00
00
00
5
0
2
1
109
4
1
238
27
1
232
33
1
214
24
1
220
33
0.0
1.0
22.128674703578348
1.0
28.913265755073184
0.37215737321087483
34.734550629666934
0.37215737321087483
49.84772560592741
1.0
83.80559230526853
0.0
91.32374293526136
1.0
269.8089226191747
0.0
277.411974181051
1.0
331.59081600968307
0.0
346.6283102549482
1.0
418.2440615269115
0.0
632.1801496375592
1.0
633.0775465738124
0.0
10.0
41983.91027063625
00
00
00
00
00
00
00
00
00
00
00
00
00
00
00
00
00
00
5
1
17
1
143
34
1
218
39
1
215
26
1
233
13
1
218
40
0.0
1.0
49.41025024367139
1.0
54.113416150139244
0.7987970082050511
57.24441401508618
0.7987970082050511
64.53834552911287
1.0
219.58588803024747
0.0
227.43056311322016
1.0
249.86284091019354
0.0
266.55542354019525
1.0
386.39235314133754
0.0
402.0512403288633
1.0
561.3280587579602
0.0
776.726251538544
1.0
795.2688391195418
0.0
10.0
10903.227294171244
00
00
00
00
00
00
00
00
00
00
00
00
00
00
00
00
00
00
5
1
12
1
104
33
1
221
30
1
204
16
1
211
2
1
234
40
0.0
1.0
59.57663728075449
1.0
73.96745863100023
0.8287349433318615
93.94747062552996
0.8287349433318615
95.21651706289828
1.0
117.92190925062319
0.0
121.22284622731625
1.0
282.64843900827884
0.0
300.49151549529483
1.0
399.10161882167523
0.0
414.43003499938146
1.0
576.575515788707
0.0
799.8395580663198
1.0
832.0305431561169
0.0
10.0
35921.17079597082
00
00
00
00
00
00
00
00
00
00
00
00
00
00
00
00
00
00
5
1
14
1
121
27
1
235
20
1
213
32
1
237
39
1
217
0
0.0
1.0
17.454870522758316
1.0
23.701337018235883
0.2384761039901533
36.78662319940045
0.2384761039901533
49.5044792953277
1.0
240.5562437658998
0.0
248.53238824152936
1.0
250.45611757777957
0.0
262.04333481974226
1.0
368.21119613208936
0.0
382.76105630625904
1.0
495.8013904559232
0.0
726.8361781387439
1.0
760.5100738812594
0.0
10.0
15900.961647648573
00
00
00
00
00
00
00
00
00
00
00
00
00
00
00
00
00
00
5
0
7
1
123
13
1
213
3
1
217
20
1
218
49
1
225
15
0.0
1.0
55.013438772388575
1.0
73.24782463550987
0.7679459786966127
88.60078753460475
0.7679459786966127
105.34359241619389
1.0
267.86172379337535
0.0
287.4968231931649
1.0
312.0549515661844
0.0
326.47921691687026
1.0
351.6757936694291
0.0
359.8468179553713
1.0
444.19968318093663
0.0
677.8236347437161
1.0
690.8623268769945
0.0
10.0
19402.788129483208
00
00
00
00
00
00
00
00
00
00
00
00
00
00
00
00
00
00
5
1
28
1
113
24
1
229
10
1
204
29
1
222
11
1
218
24
0.0
1.0
28.591572447537978
1.0
39.68662021715398
0.21180267262056965
54.06490504280645
0.21180267262056965
55.86166930592103
1.0
100.02366322387913
0.0
101.29949402470808
1.0
120.15855171322211
0.0
135.24901954303462
1.0
269.40888851315003
0.0
286.9990093253962
1.0
442.34040402034134
0.0
654.9730896360422
1.0
703.5504473825453
0.0
10.0
2074.3378851246925
00
00
00
00
00
00
00
00
00
00
00
00
00
00
00
00
00
00
5
0
24
1
109
29
1
224
38
1
210
16
1
225
40
1
235
23
0.0
1.0
50.536358889782626
1.0
58.1069003279827
0.34699158372712474
59.24834620957421
0.34699158372712474
65.74720972372194
1.0
113.56016081101984
0.0
131.41714218417883
1.0
329.865216823398
0.0
333.46035304839745
1.0
514.213980342883
0.0
516.3655045885764
1.0
547.4253148047202
0.0
777.3002392636433
1.0
780.341413295914
0.0
10.0
46257.680699802724
00
00
00
00
00
00
00
00
00
00
00
00
00
00
00
00
00
00
5
1
5
1
129
25
1
206
7
1
233
21
1
226
32
1
205
8
0.0
1.0
34.68422144379184
1.0
40.063432070698
0.6721797034788234
59.380891752889056
0.6721797034788234
70.87640616951674
1.0
135.68184965419084
0.0
149.83964693361244
1.0
221.03628671845112
0.0
232.73779777229134
1.0
291.2681779511371
0.0
305.6049011472991
1.0
381.6073232797219
0.0
601.685955996416
1.0
629.6835004412611
0.0
10.0
23806.405901606453
00
00
00
00
00
00
00
00
00
00
00
00
00
00
00
00
00
00
5
0
31
1
116
6
1
201
47
1
220
32
1
239
36
1
219
47
0.0
1.0
26.48817120395912
1.0
36.46882112889472
0.8415421148641343
54.07299502248976
0.8415421148641343
55.73786499954127
1.0
217.0060281217111
0.0
222.27151223608084
1.0
336.68864437101
0.0
353.5591345666252
1.0
489.4981618243964
0.0
508.63751457861645
1.0
617.7684220626918
0.0
839.4411628278075
1.0
876.0484654706854
0.0
10.0
29902.95436896499
00
00
00
00
00
00
00
00
00
00
00
00
00
00
00
00
00
00
5
1
31
1
138
48
1
227
1
1
231
27
1
207
44
1
223
30
0.0
1.0
6.44417162705189
1.0
15.671406638375633
0.8104898955821943
28.049967412170208
0.8104898955821943
40.634390133038245
1.0
66.28729729878518
0.0
80.11131135150583
1.0
201.25180219360092
0.0
219.03267146144515
1.0
249.6814277656393
0.0
259.7843657414071
1.0
382.5145492150057
0.0
584.7671399516818
1.0
632.2189445015036
0.0
10.0
29215.216365724245
00
00
00
00
00
00
00
00
00
00
00
00
00
00
00
00
00
00
5
0
26
1
128
8
1
225
37
1
221
38
1
208
43
1
232
21
0.0
1.0
30.419393235667183
1.0
39.84678413823176
0.27053842268666756
56.15762877102247
0.27053842268666756
73.9348356875978
1.0
194.2372649749188
0.0
213.42959312654702
1.0
345.51863243746334
0.0
347.20385657089633
1.0
532.8760384689012
0.0
539.4906312256794
1.0
606.1747906864836
0.0
817.8316650562551
1.0
834.2299139301438
0.0
10.0
9785.830558893966
00
00
00
00
00
00
00
00
00
00
00
00
00
00
00
00
00
00
5
1
16
1
117
31
1
206
17
1
215
13
1
205
38
1
211
43
0.0
1.0
57.96771667777314
1.0
73.85102694497212
0.4486857727242245
80.77239081283834
0.4486857727242245
94.01514755366622
1.0
180.22185820864433
0.0
195.16550214683136
1.0
322.8287116477773
0.0
340.03595359175984
1.0
521.7056038618407
0.0
538.4048662422448
1.0
630.5034420229917
0.0
868.9724647129434
1.0
907.0360080775203
0.0
10.0
4051.7000786136196
00
00
00
00
00
00
00
00
00
00
00
00
00
00
00
00
00
00
