2
0
0
1
0
0
1
0
0
0
0
0
0
0
0
0
0
0
0
1
60
1
70
0.8
90
0.8
100
1
240
0
245
1
485
0
0
1
0
0
0
1
0
0
0
1
0
0
5
1000
0
0
0
0
0
0
0
0
0
0
0
0
0
240.5
485.5
0
0
0
2
0
0
1
0
0
1
0
0
0
0
0
0
0
0
0
0
0
0
1
60
1
70
0.8
90
0.8
100
1
240
0
245
1
485
0
0
1
0
0
0
1
0
0
0
1
0
0
5
1000
0
0
0
0
0
0
0
0
0
0
0
0
0
240.5
485.5
0
0
0
2
0
0
1
0
0
1
0
0
0
0
0
0
0
0
0
0
0
0
1
60
1
70
0.8
90
0.8
100
1
240
0
245
1
485
0
0
1
0
0
0
1
0
0
0
1
0
0
5
1000
0
0
0
0
0
0
0
0
0
0
0
0
0
240.5
485.5
0
0
0
2
0
0
1
0
0
1
0
0
0
0
0
0
0
0
0
0
0
0
1
60
1
70
0.8
90
0.8
100
1
240
0
245
1
485
0
0
1
0
0
0
1
0
0
0
1
0
0
5
1000
0
0
0
0
0
0
0
0
0
0
0
0
0
240.5
485.5
0
0
0
