1042.37 617.1
3816.56 617.1
6491.01 862.5
290.792 862.4
23993.3 72

2482.7 470.6
7866.91 314.6
7866.91 314.6
133.565 42.2
142614 15.6

0.00298661 0.1
0 0
0 0
0 0
9.48157 1.5

0.00299148 0.1
0 0
0 0
0 0
6.06067 1.9

976.97 476.1
6785.68 476.1
6791.05 476.2
114.807 281.5
23847.9 146.9

22.5706 157.8
309.743 80
309.743 80
11.3351 104.6
24064.1 78.4

53.9555 290.9
490.133 152.1
490.133 152.1
13.803 152
19276.5 103.5

0.00296481 0.1
0 0
0 0
0 0
29.372 1

0.0029969 0.1
0 0
0 0
0 0
1.99023 3.2

436.199 270.7
4145.14 270.7
4145.81 270.8
78.62 201.7
30165 71.5

195.618 280.9
1491.28 88.5
1491.28 88.5
69.8955 88.4
49948 16.4

0.00299552 0.1
0 0
0 0
0 0
3.18783 2.7

1631.44 588.9
4995.73 588.9
4998.17 589
63.0556 219
28539.4 50.7

428.135 198.1
30797 198.1
30797 198.1
96867.6 198
33862 38.5

0.00299539 0.1
0 0
0 0
0 0
3.16749 2.6

0.00299742 0.1
0 0
0 0
0 0
1.60836 3.6

0.00299712 0.1
0 0
0 0
0 0
1.91526 3.4

338.887 451.7
3402.96 451.7
3417.37 451.8
144.174 451.7
15990.6 82.2

0.00295811 0.1
0 0
0 0
0 0
33.699 0.9

0.00296552 0.1
0 0
0 0
0 0
28.171 1

0.00299487 0.1
0 0
0 0
0 0
3.66445 2.5

0.00295333 0.1
0 0
0 0
0 0
41.8453 0.9

1733.31 572.9
5388.32 284.4
5388.32 284.4
107.7 284.3
17632.8 81.2

0.00295202 0.1
0 0
0 0
0 0
34.9392 0.8

1100.94 527.5
8767.16 527.5
48480.3 597.2
194039 597.1
32149.7 42.5

0.00299274 0.1
0 0
0 0
0 0
5.31306 2.1

1471.43 516.1
4707.33 378.4
4707.33 378.4
102.441 767.8
32656.7 37.6

34.4436 196.3
511.344 129.3
511.344 129.3
17.0406 129.2
22719.8 105.1

245.39 332.8
2074.15 332.8
2077.9 332.9
37.5754 332.8
34543 32

0.00298812 0.1
0 0
0 0
0 0
8.4508 1.6

105.734 225.6
1080.78 79.1
1080.78 79.1
40.6481 79
27142.8 66.1

150.958 210
3572.05 198
3572.05 198
130.385 197.9
26052.5 37.2

0.00295419 0.1
0 0
0 0
0 0
40.32 0.9

0.00298867 0.1
0 0
0 0
0 0
8.65862 1.7

0.00296558 0.1
0 0
0 0
0 0
28.0971 1

1217.49 538.8
3798.73 538.8
3799.68 538.9
100.363 45.6
145068 18.8

0.00296051 0.1
0 0
0 0
0 0
29.9525 0.9

0.00298017 0.1
0 0
0 0
0 0
15.7154 1.3

540.252 315.6
3480.73 211.3
6182.09 597.3
244.182 597.2
15395.8 56.4

1504.69 381.1
7022.63 322.7
8513.24 609.4
164.51 609.3
41636.9 22.6

0.00297464 0.1
0 0
0 0
0 0
18.4358 1.1

1229.19 561.3
3475.42 386.4
5800.07 795.3
443.732 795.2
16189.4 86.6

52.4728 576.5
471.216 576.5
471.774 576.6
7.89836 374.2
18311.3 390.4

0.00298268 0.1
0 0
0 0
0 0
13.8416 1.4

0.00299374 0.1
0 0
0 0
0 0
4.74038 2.3

961.059 442.3
3965.23 269.5
6777.84 703.6
300.343 703.5
38903.7 30.7

1898.99 547.4
6085.92 547.4
6088.9 547.5
68.584 113.5
41422.5 27.6

35.3402 189.1
487.303 135.7
487.303 135.7
12.1501 135.6
16709.8 101.7

0.00295194 0.1
0 0
0 0
0 0
35.0673 0.8

1374.85 382.5
4405.22 128.1
4913.83 632.3
150.587 66.2
106172 30.5

0.00299419 0.1
0 0
0 0
0 0
4.03993 2.3

0.00297512 0.1
0 0
0 0
0 0
17.7306 1.1

